early	skip_gates	2	2.00e-02	inf	8	3	2.9604e-03	nan	2.5455e-03	nan	3.4179e-03	nan	4.5480e-01	68234	202	-37201	37201	202	-37201	0	0
early	skip_gates	2	2.58e-02	inf	8	3	5.0561e-03	nan	4.1328e-03	nan	6.1068e-03	nan	3.6036e-01	22745	115	-14548	14548	115	-14548	0	0
early	skip_gates	2	3.34e-02	inf	8	3	8.5196e-03	nan	6.9267e-03	nan	1.0337e-02	nan	2.6625e-01	12794	109	-9387	9387	109	-9387	0	0
early	skip_gates	2	4.31e-02	inf	8	3	1.3716e-02	nan	1.1242e-02	nan	1.6525e-02	nan	1.7947e-01	8530	117	-6999	6999	117	-6999	0	0
early	skip_gates	2	5.57e-02	inf	8	3	2.2743e-02	nan	1.8281e-02	nan	2.7862e-02	nan	1.0719e-01	4265	97	-3808	3808	97	-3808	0	0
early	skip_gates	2	7.19e-02	inf	8	3	3.1553e-02	nan	2.5201e-02	nan	3.8859e-02	nan	5.4529e-02	2884	91	-2726	2726	91	-2726	0	0
early	skip_gates	2	9.28e-02	inf	8	3	6.3965e-02	nan	5.3252e-02	nan	7.5923e-02	nan	2.2378e-02	2048	131	-2003	2003	131	-2003	0	0
early	skip_gates	2	1.20e-01	inf	8	3	1.0400e-01	nan	9.0430e-02	nan	1.1871e-01	nan	6.8677e-03	2048	213	-2034	2034	213	-2034	0	0
early	skip_gates	2	1.55e-01	inf	8	3	1.5625e-01	nan	1.3993e-01	nan	1.7355e-01	nan	1.4137e-03	2048	320	-2045	2045	320	-2045	0	0
early	skip_gates	2	2.00e-01	inf	8	3	2.0898e-01	nan	1.9058e-01	nan	2.2823e-01	nan	1.6615e-04	2048	428	-2048	2048	428	-2048	0	0
early	skip_gates	2	2.00e-02	inf	8	5	1.2573e-04	nan	1.1319e-04	nan	1.3917e-04	nan	2.6896e-01	3276750	412	-2395421	2395421	412	-2395421	0	0
early	skip_gates	2	2.58e-02	inf	8	5	2.9545e-04	nan	2.5740e-04	nan	3.3707e-04	nan	1.8249e-01	819100	242	-669625	669625	242	-669625	0	0
early	skip_gates	2	3.34e-02	inf	8	5	6.5950e-04	nan	5.4758e-04	nan	7.8569e-04	nan	1.1019e-01	204700	135	-182143	182143	135	-182143	0	0
early	skip_gates	2	4.31e-02	inf	8	5	1.6850e-03	nan	1.4629e-03	nan	1.9285e-03	nan	5.7103e-02	136500	230	-128705	128705	230	-128705	0	0
early	skip_gates	2	5.57e-02	inf	8	5	3.9326e-03	nan	3.2141e-03	nan	4.7502e-03	nan	2.4188e-02	29243	115	-28535	28535	115	-28535	0	0
early	skip_gates	2	7.19e-02	inf	8	5	8.4704e-03	nan	6.8369e-03	nan	1.0342e-02	nan	7.8412e-03	12042	102	-11947	11947	102	-11947	0	0
early	skip_gates	2	9.28e-02	inf	8	5	2.0242e-02	nan	1.6524e-02	nan	2.4468e-02	nan	1.7771e-03	5533	112	-5523	5523	112	-5523	0	0
early	skip_gates	2	1.20e-01	inf	8	5	3.5810e-02	nan	2.8720e-02	nan	4.3935e-02	nan	2.4813e-04	2625	94	-2624	2624	94	-2624	0	0
early	skip_gates	2	1.55e-01	inf	8	5	7.9102e-02	nan	6.7202e-02	nan	9.2207e-02	nan	1.7808e-05	2048	162	-2048	2048	162	-2048	0	0
early	skip_gates	2	2.00e-01	inf	8	5	1.1914e-01	nan	1.0468e-01	nan	1.3469e-01	nan	5.0217e-07	2048	244	-2048	2048	244	-2048	0	0
early	skip_gates	2	2.00e-02	inf	8	7	4.8834e-06	nan	1.3796e-06	nan	1.1928e-05	nan	1.5906e-01	819100	4	-688810	688810	4	-688810	0	0
early	skip_gates	2	2.58e-02	inf	8	7	1.6136e-05	nan	1.4547e-05	nan	1.7837e-05	nan	9.2411e-02	26214300	423	-23791819	23791819	423	-23791819	0	0
early	skip_gates	2	3.34e-02	inf	8	7	5.7380e-05	nan	4.1570e-05	nan	7.6755e-05	nan	4.5605e-02	819100	47	-781745	781745	47	-781745	0	0
early	skip_gates	2	4.31e-02	inf	8	7	1.9288e-04	nan	1.7102e-04	nan	2.1653e-04	nan	1.8169e-02	1638300	316	-1608535	1608535	316	-1608535	0	0
early	skip_gates	2	5.57e-02	inf	8	7	6.7391e-04	nan	5.6071e-04	nan	8.0137e-04	nan	5.4582e-03	204775	138	-203658	203658	138	-203658	0	0
early	skip_gates	2	7.19e-02	inf	8	7	2.1495e-03	nan	1.7047e-03	nan	2.6656e-03	nan	1.1275e-03	40940	88	-40893	40893	88	-40893	0	0
early	skip_gates	2	9.28e-02	inf	8	7	5.7840e-03	nan	4.8460e-03	nan	6.8352e-03	nan	1.4112e-04	25588	148	-25584	25584	148	-25584	0	0
early	skip_gates	2	1.20e-01	inf	8	7	1.7605e-02	nan	1.4283e-02	nan	2.1395e-02	nan	8.9651e-06	6021	106	-6021	6021	106	-6021	0	0
early	skip_gates	2	1.55e-01	inf	8	7	4.0739e-02	nan	3.2350e-02	nan	5.0403e-02	nan	2.2431e-07	2111	86	-2111	2111	86	-2111	0	0
early	skip_gates	2	2.00e-01	inf	8	7	8.8379e-02	nan	7.5820e-02	nan	1.0211e-01	nan	1.5177e-09	2048	181	-2048	2048	181	-2048	0	0
