static	skip_gates	2	2.00e-02	inf	8	3	4.6164e-03	nan	3.7371e-03	nan	5.6232e-03	nan	4.8321e-01	22745	105	-11755	11755	105	-11755	0	0
static	skip_gates	2	2.58e-02	inf	8	3	6.7265e-03	nan	5.2832e-03	nan	8.4097e-03	nan	3.8979e-01	12042	81	-7348	7348	81	-7348	0	0
static	skip_gates	2	3.34e-02	inf	8	3	1.3087e-02	nan	1.0923e-02	nan	1.5516e-02	nan	2.9478e-01	10774	141	-7598	7598	141	-7598	0	0
static	skip_gates	2	4.31e-02	inf	8	3	2.0947e-02	nan	1.7411e-02	nan	2.4923e-02	nan	2.0482e-01	6397	134	-5087	5087	134	-5087	0	0
static	skip_gates	2	5.57e-02	inf	8	3	3.5206e-02	nan	2.8054e-02	nan	4.3434e-02	nan	1.2728e-01	2528	89	-2207	2207	89	-2207	0	0
static	skip_gates	2	7.19e-02	inf	8	3	5.5176e-02	nan	4.5229e-02	nan	6.6392e-02	nan	6.8204e-02	2048	113	-1908	1908	113	-1908	0	0
static	skip_gates	2	9.28e-02	inf	8	3	9.5703e-02	nan	8.2656e-02	nan	1.0991e-01	nan	2.9975e-02	2048	196	-1986	1986	196	-1986	0	0
static	skip_gates	2	1.20e-01	inf	8	3	1.4014e-01	nan	1.2458e-01	nan	1.5673e-01	nan	1.0074e-02	2048	287	-2027	2027	287	-2027	0	0
static	skip_gates	2	1.55e-01	inf	8	3	1.9922e-01	nan	1.8115e-01	nan	2.1814e-01	nan	2.3419e-03	2048	408	-2043	2043	408	-2043	0	0
static	skip_gates	2	2.00e-01	inf	8	3	2.7002e-01	nan	2.4979e-01	nan	2.9090e-01	nan	3.2452e-04	2048	553	-2048	2048	553	-2048	0	0
static	skip_gates	2	2.00e-02	inf	8	5	2.0539e-04	nan	1.8924e-04	nan	2.2243e-04	nan	2.9755e-01	3276700	673	-2301708	2301708	673	-2301708	0	0
static	skip_gates	2	2.58e-02	inf	8	5	4.5049e-04	nan	4.0311e-04	nan	5.0145e-04	nan	2.0800e-01	819100	369	-648729	648729	369	-648729	0	0
static	skip_gates	2	3.34e-02	inf	8	5	1.0698e-03	nan	8.2847e-04	nan	1.3540e-03	nan	1.3057e-01	68234	73	-59324	59324	73	-59324	0	0
static	skip_gates	2	4.31e-02	inf	8	5	2.2667e-03	nan	1.6992e-03	nan	2.9483e-03	nan	7.1171e-02	25588	58	-23767	23767	58	-23767	0	0
static	skip_gates	2	5.57e-02	inf	8	5	6.2235e-03	nan	4.9576e-03	nan	7.6877e-03	nan	3.2207e-02	14622	91	-14151	14151	91	-14151	0	0
static	skip_gates	2	7.19e-02	inf	8	5	1.1798e-02	nan	9.5562e-03	nan	1.4360e-02	nan	1.1386e-02	8900	105	-8799	8799	105	-8799	0	0
static	skip_gates	2	9.28e-02	inf	8	5	2.5573e-02	nan	1.9997e-02	nan	3.2072e-02	nan	2.8925e-03	3011	77	-3002	3002	77	-3002	0	0
static	skip_gates	2	1.20e-01	inf	8	5	6.3477e-02	nan	5.2803e-02	nan	7.5396e-02	nan	4.6991e-04	2048	130	-2047	2047	130	-2047	0	0
static	skip_gates	2	1.55e-01	inf	8	5	1.0400e-01	nan	9.0430e-02	nan	1.1871e-01	nan	4.1299e-05	2048	213	-2048	2048	213	-2048	0	0
static	skip_gates	2	2.00e-01	inf	8	5	1.7773e-01	nan	1.6049e-01	nan	1.9590e-01	nan	1.5325e-06	2048	364	-2048	2048	364	-2048	0	0
static	skip_gates	2	2.00e-02	inf	8	7	8.9264e-06	nan	7.3067e-06	nan	1.0770e-05	nan	1.8323e-01	13107150	117	-10705562	10705562	117	-10705562	0	0
static	skip_gates	2	2.58e-02	inf	8	7	3.1662e-05	nan	2.6787e-05	nan	3.7096e-05	nan	1.1099e-01	5242860	166	-4660958	4660958	166	-4660958	0	0
static	skip_gates	2	3.34e-02	inf	8	7	9.1564e-05	nan	7.1151e-05	nan	1.1555e-04	nan	5.7831e-02	819100	75	-771731	771731	75	-771731	0	0
static	skip_gates	2	4.31e-02	inf	8	7	2.9545e-04	nan	2.5740e-04	nan	3.3707e-04	nan	2.4730e-02	819100	242	-798843	798843	242	-798843	0	0
static	skip_gates	2	5.57e-02	inf	8	7	1.0015e-03	nan	8.6194e-04	nan	1.1553e-03	nan	8.1494e-03	204700	205	-203032	203032	205	-203032	0	0
static	skip_gates	2	7.19e-02	inf	8	7	3.0777e-03	nan	2.5388e-03	nan	3.6876e-03	nan	1.9006e-03	40940	126	-40862	40862	126	-40862	0	0
static	skip_gates	2	9.28e-02	inf	8	7	9.3694e-03	nan	7.7965e-03	nan	1.1139e-02	nan	2.7911e-04	14622	137	-14618	14618	137	-14618	0	0
static	skip_gates	2	1.20e-01	inf	8	7	2.8446e-02	nan	2.2710e-02	nan	3.5045e-02	nan	2.1919e-05	3199	91	-3199	3199	91	-3199	0	0
static	skip_gates	2	1.55e-01	inf	8	7	6.2500e-02	nan	5.1909e-02	nan	7.4341e-02	nan	7.2832e-07	2048	128	-2048	2048	128	-2048	0	0
static	skip_gates	2	2.00e-01	inf	8	7	1.4111e-01	nan	1.2550e-01	nan	1.5775e-01	nan	7.2370e-09	2048	289	-2048	2048	289	-2048	0	0
