static	skip_gates	2	2.00e-02	inf	8	3	4.7191e-03	nan	3.9278e-03	nan	5.6095e-03	nan	4.8321e-01	29243	138	-15113	15113	138	-15113	0	0
static	skip_gates	2	2.36e-02	inf	8	3	6.8780e-03	nan	5.6846e-03	nan	8.2268e-03	nan	4.2364e-01	18610	128	-10726	10726	128	-10726	0	0
static	skip_gates	2	2.78e-02	inf	8	3	1.0161e-02	nan	8.2208e-03	nan	1.2382e-02	nan	3.6255e-01	10235	104	-6524	6524	104	-6524	0	0
static	skip_gates	2	3.28e-02	inf	8	3	1.0942e-02	nan	8.5843e-03	nan	1.3692e-02	nan	3.0149e-01	7311	80	-5107	5107	80	-5107	0	0
static	skip_gates	2	3.86e-02	inf	8	3	1.5650e-02	nan	1.2446e-02	nan	1.9353e-02	nan	2.4228e-01	5687	89	-4309	4309	89	-4309	0	0
static	skip_gates	2	4.55e-02	inf	8	3	2.2429e-02	nan	1.7672e-02	nan	2.7951e-02	nan	1.8692e-01	3656	82	-2973	2973	82	-2973	0	0
static	skip_gates	2	5.37e-02	inf	8	3	3.9718e-02	nan	3.2327e-02	nan	4.8111e-02	nan	1.3734e-01	2694	107	-2324	2324	107	-2324	0	0
static	skip_gates	2	6.32e-02	inf	8	3	4.4994e-02	nan	3.6782e-02	nan	5.4289e-02	nan	9.5176e-02	2467	111	-2232	2232	111	-2232	0	0
static	skip_gates	2	7.46e-02	inf	8	3	6.7871e-02	nan	5.6836e-02	nan	8.0142e-02	nan	6.1472e-02	2048	139	-1922	1922	139	-1922	0	0
static	skip_gates	2	8.79e-02	inf	8	3	7.5684e-02	nan	6.4038e-02	nan	8.8545e-02	nan	3.6465e-02	2048	155	-1973	1973	155	-1973	0	0
static	skip_gates	2	1.04e-01	inf	8	3	1.1133e-01	nan	9.7314e-02	nan	1.2645e-01	nan	1.9510e-02	2048	228	-2008	2008	228	-2008	0	0
static	skip_gates	2	1.22e-01	inf	8	3	1.3965e-01	nan	1.2411e-01	nan	1.5622e-01	nan	9.2019e-03	2048	286	-2030	2030	286	-2030	0	0
static	skip_gates	2	1.44e-01	inf	8	3	1.8652e-01	nan	1.6894e-01	nan	2.0501e-01	nan	3.7171e-03	2048	382	-2040	2040	382	-2040	0	0
static	skip_gates	2	1.70e-01	inf	8	3	2.2705e-01	nan	2.0804e-01	nan	2.4684e-01	nan	1.2389e-03	2048	465	-2045	2045	465	-2045	0	0
static	skip_gates	2	2.00e-01	inf	8	3	2.8223e-01	nan	2.6170e-01	nan	3.0338e-01	nan	3.2452e-04	2048	578	-2047	2047	578	-2047	0	0
static	skip_gates	2	2.00e-02	inf	8	4	1.1037e-03	nan	9.5690e-04	nan	1.2647e-03	nan	3.7919e-01	204775	226	-127128	127128	226	-127128	0	0
static	skip_gates	2	2.36e-02	inf	8	4	1.5340e-03	nan	1.2915e-03	nan	1.8049e-03	nan	3.1817e-01	102350	157	-69785	69785	157	-69785	0	0
static	skip_gates	2	2.78e-02	inf	8	4	1.9785e-03	nan	1.4232e-03	nan	2.6617e-03	nan	2.5852e-01	22745	45	-16865	16865	45	-16865	0	0
static	skip_gates	2	3.28e-02	inf	8	4	3.6150e-03	nan	3.0283e-03	nan	4.2728e-03	nan	2.0216e-01	40940	148	-32664	32664	148	-32664	0	0
static	skip_gates	2	3.86e-02	inf	8	4	5.3688e-03	nan	4.5218e-03	nan	6.3147e-03	nan	1.5104e-01	29243	157	-24826	24826	157	-24826	0	0
static	skip_gates	2	4.55e-02	inf	8	4	8.8907e-03	nan	7.3601e-03	nan	1.0618e-02	nan	1.0687e-01	14622	130	-13059	13059	130	-13059	0	0
static	skip_gates	2	5.37e-02	inf	8	4	1.3737e-02	nan	1.1517e-02	nan	1.6221e-02	nan	7.0860e-02	10774	148	-10010	10010	148	-10010	0	0
static	skip_gates	2	6.32e-02	inf	8	4	2.1277e-02	nan	1.7508e-02	nan	2.5537e-02	nan	4.3455e-02	5687	121	-5440	5440	121	-5440	0	0
static	skip_gates	2	7.46e-02	inf	8	4	3.0637e-02	nan	2.5373e-02	nan	3.6558e-02	nan	2.4261e-02	4178	128	-4077	4077	128	-4077	0	0
static	skip_gates	2	8.79e-02	inf	8	4	3.8095e-02	nan	3.0773e-02	nan	4.6450e-02	nan	1.2092e-02	2625	100	-2593	2593	100	-2593	0	0
static	skip_gates	2	1.04e-01	inf	8	4	5.6641e-02	nan	4.6562e-02	nan	6.7983e-02	nan	5.2521e-03	2048	116	-2037	2037	116	-2037	0	0
static	skip_gates	2	1.22e-01	inf	8	4	8.1055e-02	nan	6.9009e-02	nan	9.4297e-02	nan	1.9283e-03	2048	166	-2044	2044	166	-2044	0	0
static	skip_gates	2	1.44e-01	inf	8	4	1.3281e-01	nan	1.1762e-01	nan	1.4905e-01	nan	5.7580e-04	2048	272	-2047	2047	272	-2047	0	0
static	skip_gates	2	1.70e-01	inf	8	4	1.7236e-01	nan	1.5534e-01	nan	1.9032e-01	nan	1.3307e-04	2048	353	-2048	2048	353	-2048	0	0
static	skip_gates	2	2.00e-01	inf	8	4	2.1777e-01	nan	1.9907e-01	nan	2.3729e-01	nan	2.2301e-05	2048	446	-2048	2048	446	-2048	0	0
static	skip_gates	2	2.00e-02	inf	8	5	2.1608e-04	nan	1.9289e-04	nan	2.4105e-04	nan	2.9755e-01	1638300	354	-1150819	1150819	354	-1150819	0	0
static	skip_gates	2	2.36e-02	inf	8	5	3.7616e-04	nan	2.9331e-04	nan	4.7328e-04	nan	2.3896e-01	204700	77	-155785	155785	77	-155785	0	0
static	skip_gates	2	2.78e-02	inf	8	5	5.3737e-04	nan	3.9951e-04	nan	7.0386e-04	nan	1.8433e-01	102350	55	-83484	83484	55	-83484	0	0
static	skip_gates	2	3.28e-02	inf	8	5	8.5979e-04	nan	6.8178e-04	nan	1.0664e-03	nan	1.3555e-01	102350	88	-88477	88477	88	-88477	0	0
static	skip_gates	2	3.86e-02	inf	8	5	2.0518e-03	nan	1.6180e-03	nan	2.5569e-03	nan	9.4161e-02	40940	84	-37085	37085	84	-37085	0	0
static	skip_gates	2	4.55e-02	inf	8	5	3.1754e-03	nan	2.6275e-03	nan	3.7943e-03	nan	6.1107e-02	40940	130	-38439	38439	130	-38439	0	0
static	skip_gates	2	5.37e-02	inf	8	5	5.2759e-03	nan	4.3315e-03	nan	6.3473e-03	nan	3.6559e-02	22745	120	-21914	21914	120	-21914	0	0
static	skip_gates	2	6.32e-02	inf	8	5	8.7541e-03	nan	7.1385e-03	nan	1.0595e-02	nan	1.9840e-02	12794	112	-12540	12540	112	-12540	0	0
static	skip_gates	2	7.46e-02	inf	8	5	1.3482e-02	nan	1.1029e-02	nan	1.6268e-02	nan	9.5747e-03	8530	115	-8448	8448	115	-8448	0	0
static	skip_gates	2	8.79e-02	inf	8	5	1.9167e-02	nan	1.5599e-02	nan	2.3228e-02	nan	4.0099e-03	5687	109	-5664	5664	109	-5664	0	0
static	skip_gates	2	1.04e-01	inf	8	5	3.9899e-02	nan	3.2050e-02	nan	4.8879e-02	nan	1.4139e-03	2381	95	-2377	2377	95	-2377	0	0
static	skip_gates	2	1.22e-01	inf	8	5	5.9570e-02	nan	4.9233e-02	nan	7.1167e-02	nan	4.0408e-04	2048	122	-2047	2047	122	-2047	0	0
static	skip_gates	2	1.44e-01	inf	8	5	8.8379e-02	nan	7.5820e-02	nan	1.0211e-01	nan	8.9195e-05	2048	181	-2047	2047	181	-2047	0	0
static	skip_gates	2	1.70e-01	inf	8	5	1.4014e-01	nan	1.2458e-01	nan	1.5673e-01	nan	1.4292e-05	2048	287	-2048	2048	287	-2048	0	0
static	skip_gates	2	2.00e-01	inf	8	5	1.9531e-01	nan	1.7739e-01	nan	2.1411e-01	nan	1.5325e-06	2048	400	-2048	2048	400	-2048	0	0
static	skip_gates	2	2.00e-02	inf	8	6	4.8829e-05	nan	3.8264e-05	nan	6.1183e-05	nan	2.3349e-01	1638375	80	-1255823	1255823	80	-1255823	0	0
static	skip_gates	2	2.36e-02	inf	8	6	6.8364e-05	nan	5.0955e-05	nan	8.9337e-05	nan	1.7947e-01	819150	56	-672138	672138	56	-672138	0	0
static	skip_gates	2	2.78e-02	inf	8	6	1.8068e-04	nan	1.5955e-04	nan	2.0359e-04	nan	1.3144e-01	1638300	296	-1422961	1422961	296	-1422961	0	0
static	skip_gates	2	3.28e-02	inf	8	6	3.3696e-04	nan	2.8036e-04	nan	4.0071e-04	nan	9.0894e-02	409550	138	-372324	372324	138	-372324	0	0
static	skip_gates	2	3.86e-02	inf	8	6	6.4485e-04	nan	4.9253e-04	nan	8.2579e-04	nan	5.8701e-02	102350	66	-96342	96342	66	-96342	0	0
static	skip_gates	2	4.55e-02	inf	8	6	1.2164e-03	nan	1.0620e-03	nan	1.3851e-03	nan	3.4939e-02	204700	249	-197548	197548	249	-197548	0	0
static	skip_gates	2	5.37e-02	inf	8	6	2.3009e-03	nan	1.9375e-03	nan	2.7070e-03	nan	1.8862e-02	68234	157	-66947	66947	157	-66947	0	0
static	skip_gates	2	6.32e-02	inf	8	6	3.8102e-03	nan	2.8710e-03	nan	4.9336e-03	nan	9.0585e-03	15747	60	-15605	15605	60	-15605	0	0
static	skip_gates	2	7.46e-02	inf	8	6	7.1078e-03	nan	5.7046e-03	nan	8.7228e-03	nan	3.7788e-03	13647	97	-13596	13596	97	-13596	0	0
static	skip_gates	2	8.79e-02	inf	8	6	1.5319e-02	nan	1.2499e-02	nan	1.8527e-02	nan	1.3297e-03	7311	112	-7301	7301	112	-7301	0	0
static	skip_gates	2	1.04e-01	inf	8	6	2.5236e-02	nan	2.0808e-02	nan	3.0234e-02	nan	3.8063e-04	4874	123	-4872	4872	123	-4872	0	0
static	skip_gates	2	1.22e-01	inf	8	6	3.8687e-02	nan	3.1219e-02	nan	4.7210e-02	nan	8.4675e-05	2559	99	-2559	2559	99	-2559	0	0
static	skip_gates	2	1.44e-01	inf	8	6	6.4941e-02	nan	5.4146e-02	nan	7.6982e-02	nan	1.3817e-05	2048	133	-2048	2048	133	-2048	0	0
static	skip_gates	2	1.70e-01	inf	8	6	1.1377e-01	nan	9.9614e-02	nan	1.2903e-01	nan	1.5350e-06	2048	233	-2048	2048	233	-2048	0	0
static	skip_gates	2	2.00e-01	inf	8	6	1.6455e-01	nan	1.4786e-01	nan	1.8220e-01	nan	1.0531e-07	2048	337	-2048	2048	337	-2048	0	0
