late	skip_gates	2	2.00e-02	inf	8	3	2.2667e-03	nan	1.9692e-03	nan	2.5928e-03	nan	4.5480e-01	102350	232	-55801	55801	232	-55801	0	0
late	skip_gates	2	2.58e-02	inf	8	3	4.1231e-03	nan	3.5574e-03	nan	4.7457e-03	nan	3.6036e-01	51175	211	-32734	32734	211	-32734	0	0
late	skip_gates	2	3.34e-02	inf	8	3	6.2042e-03	nan	5.1231e-03	nan	7.4265e-03	nan	2.6625e-01	20470	127	-15020	15020	127	-15020	0	0
late	skip_gates	2	4.31e-02	inf	8	3	1.4045e-02	nan	1.1588e-02	nan	1.6821e-02	nan	1.7947e-01	8900	125	-7303	7303	125	-7303	0	0
late	skip_gates	2	5.57e-02	inf	8	3	2.1763e-02	nan	1.7531e-02	nan	2.6610e-02	nan	1.0719e-01	4549	99	-4061	4061	99	-4061	0	0
late	skip_gates	2	7.19e-02	inf	8	3	3.3448e-02	nan	2.7205e-02	nan	4.0544e-02	nan	5.4529e-02	3199	107	-3025	3025	107	-3025	0	0
late	skip_gates	2	9.28e-02	inf	8	3	5.6641e-02	nan	4.6562e-02	nan	6.7983e-02	nan	2.2378e-02	2048	116	-2002	2002	116	-2002	0	0
late	skip_gates	2	1.20e-01	inf	8	3	9.9609e-02	nan	8.6309e-02	nan	1.1405e-01	nan	6.8677e-03	2048	204	-2034	2034	204	-2034	0	0
late	skip_gates	2	1.55e-01	inf	8	3	1.4795e-01	nan	1.3201e-01	nan	1.6489e-01	nan	1.4137e-03	2048	303	-2045	2045	303	-2045	0	0
late	skip_gates	2	2.00e-01	inf	8	3	2.1289e-01	nan	1.9435e-01	nan	2.3226e-01	nan	1.6615e-04	2048	436	-2047	2047	436	-2047	0	0
late	skip_gates	2	2.00e-02	inf	8	5	7.2026e-05	nan	5.4117e-05	nan	9.3512e-05	nan	2.6896e-01	819150	59	-598828	598828	59	-598828	0	0
late	skip_gates	2	2.58e-02	inf	8	5	1.7094e-04	nan	1.1731e-04	nan	2.3888e-04	nan	1.8249e-01	204750	35	-167386	167386	35	-167386	0	0
late	skip_gates	2	3.34e-02	inf	8	5	3.9072e-04	nan	3.0618e-04	nan	4.8957e-04	nan	1.1019e-01	204750	80	-182188	182188	80	-182188	0	0
late	skip_gates	2	4.31e-02	inf	8	5	1.1920e-03	nan	9.7997e-04	nan	1.4325e-03	nan	5.7103e-02	102350	122	-96505	96505	122	-96505	0	0
late	skip_gates	2	5.57e-02	inf	8	5	2.6380e-03	nan	2.0978e-03	nan	3.2635e-03	nan	2.4188e-02	34117	90	-33292	33292	90	-33292	0	0
late	skip_gates	2	7.19e-02	inf	8	5	6.3603e-03	nan	5.0793e-03	nan	7.8389e-03	nan	7.8412e-03	14622	93	-14507	14507	93	-14507	0	0
late	skip_gates	2	9.28e-02	inf	8	5	1.1475e-02	nan	9.0965e-03	nan	1.4230e-02	nan	1.7771e-03	7582	87	-7568	7568	87	-7568	0	0
late	skip_gates	2	1.20e-01	inf	8	5	2.9073e-02	nan	2.3356e-02	nan	3.5624e-02	nan	2.4813e-04	3302	96	-3301	3301	96	-3301	0	0
late	skip_gates	2	1.55e-01	inf	8	5	6.2012e-02	nan	5.1465e-02	nan	7.3813e-02	nan	1.7808e-05	2048	127	-2048	2048	127	-2048	0	0
late	skip_gates	2	2.00e-01	inf	8	5	1.1328e-01	nan	9.9155e-02	nan	1.2851e-01	nan	5.0217e-07	2048	232	-2048	2048	232	-2048	0	0
late	skip_gates	2	2.00e-02	inf	8	7	2.2650e-06	nan	2.0540e-06	nan	2.4899e-06	nan	1.5906e-01	209715100	475	-176356901	176356901	475	-176356901	0	0
